data/geo00.grd
DSAA
35 25
0.00 26.20
0.00 18.60
269.41 328.48
 328.39 326.88 325.37 324.00 323.11 322.27 321.45 320.77 320.34 320.22 320.24 320.00 319.88 320.00 320.52 320.75 320.50 320.00 319.89 319.82 319.59 319.17 318.60 317.98 317.39 316.90 316.52 316.25 316.11 316.12 316.10 316.00 316.00 315.98 316.06
 328.19 327.24 326.13 325.00 324.00 322.97 321.96 321.04 320.35 320.00 320.00 319.63 319.42 319.55 320.00 320.31 320.28 320.00 319.76 319.50 319.15 318.70 318.18 317.65 317.17 316.79 316.48 316.21 316.00 316.00 316.00 316.00 316.00 316.00 316.26
 328.00 327.60 326.74 325.66 324.53 323.51 322.35 321.18 320.19 319.69 319.33 318.87 318.56 318.64 319.15 319.75 319.94 319.79 319.50 319.14 318.72 318.25 317.75 317.27 316.87 316.59 316.37 316.12 315.88 315.74 315.69 315.72 315.81 316.00 316.35
 328.00 328.00 327.20 326.17 325.10 324.04 322.69 321.28 320.00 319.26 318.62 317.95 317.43 317.37 317.87 318.58 319.03 319.13 318.96 318.63 318.21 317.76 317.30 316.85 316.49 316.29 316.13 315.81 315.46 315.22 315.14 315.19 315.32 315.56 316.00
 328.37 328.00 327.29 326.33 325.33 324.33 322.90 321.41 320.06 319.02 318.08 317.15 316.33 316.03 316.52 317.33 317.97 318.27 318.24 317.96 317.58 317.21 316.85 316.44 316.05 315.88 315.68 315.25 314.77 314.42 314.34 314.44 314.58 314.79 315.13
 328.48 328.00 327.17 326.08 325.03 324.08 322.75 321.38 320.09 318.87 317.73 316.65 315.74 315.31 315.55 316.26 316.94 317.36 317.44 317.19 316.87 316.65 316.47 316.17 315.83 315.54 315.14 314.55 313.89 313.40 313.37 313.57 313.72 313.83 314.03
 328.00 328.00 326.79 325.43 324.24 323.31 322.22 321.03 319.85 318.59 317.35 316.19 315.12 314.58 314.65 315.20 315.87 316.40 316.59 316.38 316.11 316.09 316.19 316.10 315.71 315.22 314.62 313.85 312.98 312.28 312.35 312.69 312.86 312.85 313.01
 326.99 326.61 325.67 324.48 323.47 322.60 321.60 320.48 319.38 318.09 316.75 315.43 314.14 313.51 313.40 313.78 314.45 315.17 315.65 315.59 315.51 315.60 315.83 315.87 315.40 314.79 314.05 313.18 312.20 311.49 311.42 311.82 312.05 312.00 312.34
 325.53 325.12 324.55 323.72 322.91 322.06 321.05 319.89 318.69 317.36 315.92 314.23 312.60 311.95 311.67 311.92 312.59 313.43 314.16 314.53 314.66 314.74 314.89 314.93 314.62 314.06 313.25 312.34 311.25 310.31 309.94 310.19 311.00 312.00 312.00
 324.36 324.00 323.84 323.26 322.56 321.74 320.68 319.41 317.97 316.42 314.76 312.75 310.73 309.76 309.43 309.64 310.41 311.45 312.52 313.30 313.59 313.58 313.64 313.73 313.57 313.08 312.11 310.88 309.52 308.46 307.85 307.84 308.89 309.92 310.73
 324.00 324.00 323.53 322.93 322.30 321.56 320.52 319.01 317.20 315.33 313.27 310.66 308.06 306.89 306.63 306.95 308.04 309.50 310.94 312.06 312.45 312.31 312.34 312.51 312.46 312.09 310.95 309.25 307.54 306.21 305.47 305.68 307.01 308.00 309.71
 323.67 323.39 322.93 322.41 321.90 321.33 320.39 318.64 316.50 314.30 311.52 307.65 304.00 302.89 303.06 304.08 305.50 307.38 309.20 310.53 311.20 311.38 311.47 311.56 311.44 310.93 309.76 307.97 305.92 304.25 303.32 303.59 305.28 308.00 310.19
 323.06 322.59 322.11 321.65 321.25 320.86 320.00 318.13 315.72 313.13 309.27 304.39 300.20 299.05 300.00 301.53 302.98 304.81 307.22 308.98 310.06 310.56 310.74 310.75 310.55 310.02 309.00 307.34 305.01 303.18 302.26 302.61 304.44 308.00 310.77
 322.22 321.69 321.18 320.72 320.36 320.14 319.33 317.49 315.01 312.16 307.65 302.36 298.46 297.47 298.43 299.88 300.96 302.63 305.10 307.57 309.19 309.96 310.17 310.09 309.83 309.42 308.74 307.54 305.23 303.26 302.34 302.72 304.52 308.00 310.61
 321.35 320.79 320.29 319.86 319.62 319.29 318.40 316.65 314.23 311.09 306.41 301.34 297.92 296.75 297.16 298.15 299.21 300.99 303.83 306.96 308.92 309.75 309.83 309.56 309.23 308.94 308.67 308.12 306.44 304.60 303.73 304.16 305.79 308.00 309.62
 320.61 320.00 319.61 319.22 318.86 318.33 317.34 315.65 313.10 309.86 305.25 300.56 297.57 296.38 296.48 297.24 298.49 300.47 303.47 307.16 309.31 309.98 309.72 309.12 308.64 308.42 308.61 308.90 308.47 307.57 306.93 307.24 308.07 308.00 308.60
 320.00 319.44 318.97 318.44 317.79 316.96 315.77 313.94 311.43 308.42 304.38 300.05 297.25 296.14 296.14 296.85 298.43 300.82 303.63 307.89 310.26 310.56 309.78 308.70 308.00 307.82 308.57 310.01 310.69 310.70 310.25 310.03 309.84 309.27 308.95
 319.07 318.68 318.06 317.23 316.15 314.83 313.44 311.63 309.43 306.69 303.33 299.50 296.69 295.56 295.62 296.44 298.44 301.25 304.34 309.03 311.57 311.32 310.01 308.33 307.19 307.22 308.73 311.35 312.58 312.89 312.69 312.16 311.37 310.58 310.11
 317.61 317.59 316.64 315.38 313.72 311.92 310.22 308.80 306.95 304.94 302.17 298.85 296.14 295.03 294.94 295.81 298.44 301.93 306.00 310.20 312.28 311.88 310.71 308.85 307.27 307.52 309.76 312.51 313.68 314.01 313.80 313.13 312.14 311.41 311.21
 316.00 316.00 314.42 312.57 310.32 308.20 306.18 304.93 303.50 302.08 300.13 297.87 295.84 294.83 294.66 295.51 298.40 302.67 307.28 311.56 313.25 313.00 312.54 311.58 309.56 310.32 312.17 313.39 313.99 314.16 313.97 313.36 312.39 311.57 311.55
 316.00 312.00 311.38 309.00 306.10 303.39 300.86 299.05 298.26 298.04 297.53 296.28 295.12 294.67 294.81 295.61 298.48 303.05 307.96 312.32 314.29 314.54 314.29 313.73 312.91 312.83 313.12 313.26 313.29 313.28 313.16 312.80 312.06 310.67 310.57
 315.36 312.00 308.50 305.00 301.20 298.82 296.93 294.78 293.45 292.81 293.14 293.00 293.22 294.11 295.25 296.37 299.08 303.08 307.68 312.45 314.74 315.22 315.07 314.68 314.14 313.62 312.93 312.08 311.54 311.19 311.06 310.81 309.86 308.00 308.00
 312.00 308.00 305.12 301.14 298.27 296.00 291.96 287.98 285.39 284.74 285.56 287.38 289.71 292.56 295.37 296.99 300.00 303.20 307.11 311.30 314.05 314.48 314.39 314.17 313.85 313.33 312.24 310.02 309.13 307.69 307.41 307.45 307.04 304.40 304.00
 308.00 307.50 303.00 300.00 296.00 291.20 286.29 281.82 277.88 277.67 277.71 280.80 285.14 289.33 293.50 296.00 300.00 304.00 305.00 308.00 312.00 312.00 312.00 312.00 312.00 312.00 312.00 308.00 308.00 304.00 304.00 304.00 304.00 300.00 300.00
 308.00 304.67 300.00 296.00 292.00 288.44 282.46 277.54 272.24 269.41 270.25 274.55 280.40 285.50 290.22 295.00 300.00 300.00 304.00 308.00 308.00 308.00 308.00 308.00 308.00 308.00 308.00 308.00 304.00 304.00 302.81 302.28 302.04 300.00 296.98
