data/geo06.grd
DSAA
35 25
0.00 26.20
0.00 18.60
272.06 325.15
 325.15 324.39 323.67 323.13 322.84 322.42 321.79 321.02 320.23 319.59 319.44 318.85 318.57 318.66 319.12 319.60 319.87 319.96 320.20 320.32 320.24 319.97 319.56 318.94 318.34 318.10 317.92 317.68 317.44 317.47 317.37 317.07 316.80 316.60 316.15
 324.70 324.42 324.02 323.64 323.21 322.62 321.88 321.05 320.23 319.47 319.31 318.62 318.24 318.33 318.62 319.10 319.46 319.64 319.74 319.69 319.50 319.20 318.89 318.66 318.27 317.89 317.69 317.51 317.38 317.16 316.93 316.69 316.72 316.37 316.19
 324.23 324.47 324.42 324.01 323.43 322.81 321.98 321.01 319.99 319.22 318.83 318.01 317.54 317.49 317.84 318.45 318.96 319.20 319.25 319.09 318.78 318.43 318.13 317.97 317.91 317.51 317.31 317.11 316.88 316.57 316.59 316.48 316.28 316.17 316.20
 323.82 324.37 324.38 324.12 323.61 322.99 322.10 321.03 319.90 318.94 318.34 317.34 316.58 316.43 316.84 317.47 318.13 318.61 318.63 318.37 318.00 317.60 317.29 317.17 317.20 317.23 316.97 316.71 316.42 316.10 315.91 315.78 315.68 315.71 315.98
 323.74 323.91 323.93 323.77 323.45 322.97 322.11 321.07 319.93 318.73 317.88 316.61 315.47 315.13 315.33 315.85 316.60 317.39 317.88 317.66 317.14 316.77 316.51 316.46 316.56 316.66 316.54 316.09 315.50 315.08 314.99 314.98 315.01 315.20 315.43
 323.81 323.50 323.36 323.18 322.95 322.62 321.86 320.93 319.78 318.43 317.36 315.84 314.59 313.93 313.80 314.30 315.18 316.10 316.63 316.75 316.44 316.26 316.16 316.21 316.30 316.28 315.99 315.37 314.62 314.09 313.99 314.06 314.13 314.23 314.39
 323.20 323.29 322.80 322.50 322.26 322.00 321.42 320.55 319.40 318.20 316.64 314.91 313.43 312.38 312.11 312.49 313.15 314.39 315.29 315.60 315.70 316.00 315.91 316.17 316.18 315.98 315.48 314.71 313.78 313.05 313.03 313.33 313.50 313.29 313.28
 322.49 322.34 322.05 321.91 321.82 321.57 321.01 320.12 318.93 317.70 315.88 313.84 311.84 310.07 309.57 309.91 310.87 312.33 313.73 314.46 314.76 315.31 315.57 315.86 315.74 315.42 314.80 313.94 312.87 312.38 312.27 312.46 312.55 312.42 312.55
 321.88 321.61 321.69 321.77 321.74 321.41 320.77 319.78 318.45 317.11 315.00 312.41 309.60 307.46 306.51 306.75 308.01 309.79 311.71 312.96 313.68 314.17 314.55 314.63 314.46 314.18 313.59 312.74 312.02 311.10 310.72 310.85 311.41 312.00 312.00
 321.52 321.48 321.81 321.96 321.84 321.42 320.66 319.55 318.00 316.48 314.13 311.19 307.69 304.81 303.46 303.60 305.07 307.12 309.61 311.56 312.46 312.96 313.24 313.27 313.00 312.79 312.32 311.47 310.22 309.22 308.60 308.53 309.47 310.63 311.17
 321.78 322.02 322.10 322.08 321.87 321.43 320.62 319.32 317.51 315.76 313.21 310.04 306.19 302.86 301.33 301.56 303.05 305.38 307.88 310.17 311.28 311.78 311.95 312.18 312.18 311.94 311.14 309.79 308.27 306.98 306.43 306.31 307.43 308.61 310.53
 322.01 321.98 321.95 321.88 321.68 321.29 320.49 319.00 317.07 315.10 312.17 308.51 304.32 301.73 300.15 300.42 302.07 304.49 306.86 309.11 310.24 310.94 311.12 311.43 311.45 311.10 310.16 308.60 306.66 305.30 303.77 303.73 305.37 307.98 310.13
 322.01 321.63 321.46 321.37 321.22 320.90 320.11 318.54 316.76 314.23 310.74 306.66 302.73 300.78 300.49 300.78 302.06 303.62 305.98 308.16 309.52 310.26 310.54 310.88 310.95 310.42 309.75 308.17 305.93 304.14 302.42 302.45 304.40 308.06 309.86
 321.69 321.21 320.83 320.71 320.56 320.32 319.50 318.30 316.10 313.42 309.69 305.36 302.00 300.49 300.67 300.89 301.35 302.57 304.76 307.24 308.83 309.78 310.08 310.42 310.20 310.04 309.50 308.55 306.31 304.43 302.81 303.03 304.76 308.02 309.72
 321.13 320.70 320.29 320.02 319.93 319.69 319.06 317.46 315.30 312.59 308.60 304.41 301.40 299.93 299.62 299.69 300.26 301.60 303.54 306.54 308.39 309.45 309.72 309.81 309.79 309.83 309.64 309.15 307.63 305.88 304.80 305.02 306.42 308.38 309.44
 320.33 319.97 319.82 319.68 319.47 318.94 317.90 316.37 314.10 311.17 307.22 303.21 300.58 299.17 298.69 298.71 299.40 300.71 302.58 306.05 308.36 309.27 309.21 309.04 309.16 309.49 309.87 309.97 309.50 308.66 307.93 308.13 308.90 309.21 309.66
 319.47 319.19 318.99 318.68 318.16 317.39 316.29 314.52 312.05 309.22 305.46 301.66 299.33 298.40 297.90 298.14 298.91 300.35 302.30 305.84 308.55 309.12 308.78 308.13 308.32 308.98 310.16 311.37 311.61 311.59 310.97 310.95 310.94 310.93 310.59
 318.37 318.20 317.88 317.21 316.24 315.22 313.81 311.95 309.66 306.81 303.42 300.10 298.00 297.49 297.43 297.79 298.98 300.85 302.95 306.96 309.54 309.54 308.69 307.66 307.77 308.61 310.67 312.91 313.59 313.67 313.09 312.81 312.25 311.71 311.51
 317.09 317.04 316.38 315.13 313.84 312.28 310.55 308.93 306.68 304.28 301.37 298.40 296.69 296.41 296.91 297.66 299.30 301.74 304.91 308.80 310.64 310.55 309.63 308.59 308.56 309.68 311.95 313.90 314.47 314.46 313.98 313.47 312.68 311.99 311.86
 316.00 316.00 314.36 312.58 310.54 308.70 306.80 305.12 303.20 301.16 298.70 296.35 295.10 295.36 296.33 297.57 299.80 303.04 307.14 310.55 312.03 312.29 312.04 311.80 311.24 312.48 313.59 314.32 314.51 314.11 313.70 312.98 312.12 311.43 311.43
 316.00 311.62 311.29 309.24 306.70 304.49 302.12 299.94 298.47 297.08 295.74 294.22 293.53 294.06 296.03 297.62 300.26 303.98 307.84 311.59 313.32 314.16 314.27 314.44 314.17 314.28 314.34 313.95 313.54 312.77 312.27 311.50 310.98 309.88 309.83
 315.28 311.62 308.85 305.90 302.81 300.54 298.31 295.91 294.07 292.43 291.85 291.24 291.41 293.08 295.83 298.03 300.75 303.79 307.61 311.38 313.77 314.94 315.24 315.50 315.25 314.69 313.75 312.59 311.44 310.40 309.84 309.37 308.43 307.05 306.96
 313.03 309.13 306.21 303.00 300.33 297.83 294.00 289.84 286.81 285.60 285.95 287.03 288.83 291.77 295.26 298.22 300.76 303.07 306.08 309.61 312.51 313.95 314.72 314.71 314.54 313.70 312.29 309.91 308.46 307.01 306.42 306.22 305.77 303.83 303.37
 310.65 309.00 304.44 301.94 298.75 293.85 289.25 284.35 280.11 278.80 278.59 281.14 284.86 288.87 293.04 296.38 299.21 301.25 302.16 304.51 308.34 310.49 311.43 311.75 312.41 310.94 310.84 308.06 306.91 303.56 303.19 303.14 303.01 300.00 300.00
 310.95 307.31 302.73 299.21 296.12 292.04 286.74 280.18 275.28 272.06 272.29 276.05 280.32 285.48 290.98 295.68 299.18 298.62 299.50 302.12 303.00 305.24 307.38 308.39 308.75 307.37 305.88 304.76 301.88 301.88 301.35 301.37 301.34 300.00 297.62
