data/geo18.grd
DSAA
35 25
0.00 26.20
0.00 18.60
276.37 322.35
 320.54 320.80 321.15 321.70 322.20 322.35 322.03 321.23 320.05 318.85 318.07 317.11 316.64 316.70 317.04 317.78 318.67 319.48 320.13 320.49 320.60 320.54 320.37 320.00 319.64 319.80 319.89 319.71 319.39 319.43 319.25 318.72 318.03 317.31 316.25
 319.84 320.43 320.96 321.55 321.88 321.90 321.58 320.94 320.05 318.87 318.09 317.07 316.53 316.55 316.62 317.26 318.07 318.80 319.31 319.54 319.56 319.49 319.48 319.63 319.69 319.50 319.45 319.41 319.38 318.92 318.43 317.88 317.55 316.80 316.08
 319.07 320.08 321.06 321.52 321.68 321.64 321.31 320.69 319.74 318.71 317.89 316.73 316.10 315.90 315.99 316.55 317.39 318.11 318.58 318.69 318.56 318.39 318.37 318.63 319.01 318.85 318.78 318.66 318.45 317.98 317.78 317.38 316.84 316.36 315.98
 318.18 319.36 320.39 321.10 321.35 321.36 321.13 320.62 319.79 318.66 317.73 316.44 315.45 315.06 315.12 315.56 316.46 317.38 317.81 317.79 317.54 317.22 317.13 317.45 317.96 318.29 318.13 317.93 317.60 317.19 316.89 316.55 316.17 315.93 315.95
 317.56 318.37 319.31 320.17 320.73 320.96 320.88 320.53 319.77 318.51 317.42 315.87 314.46 313.77 313.48 313.57 314.40 315.72 316.80 316.87 316.45 316.14 316.04 316.44 317.13 317.57 317.56 317.14 316.47 316.00 315.92 315.76 315.64 315.81 315.86
 317.57 317.50 318.23 319.21 320.03 320.50 320.53 320.28 319.41 318.04 316.77 314.85 313.16 312.01 311.39 311.41 312.22 313.67 314.92 315.60 315.63 315.62 315.75 316.22 316.85 317.18 317.05 316.47 315.67 315.15 314.98 314.89 314.84 314.91 315.02
 316.85 317.04 317.52 318.57 319.55 320.15 320.26 319.90 318.90 317.58 315.69 313.43 311.29 309.56 308.74 308.62 309.18 311.08 312.81 313.99 314.70 315.36 315.56 316.25 316.74 316.92 316.63 315.94 315.02 314.32 314.11 314.15 314.17 313.92 313.79
 316.59 316.76 317.30 318.50 319.56 320.12 320.17 319.66 318.49 317.03 314.80 312.09 309.02 305.89 304.69 304.72 305.65 307.88 310.25 312.18 313.32 314.47 315.13 315.86 316.20 316.27 315.88 315.11 314.06 313.56 313.30 313.21 313.12 312.89 312.77
 317.11 317.05 317.93 319.14 320.09 320.44 320.33 319.66 318.31 316.67 313.97 310.44 306.08 302.15 300.14 300.03 301.72 304.24 307.41 310.00 311.83 313.15 313.95 314.30 314.42 314.52 314.26 313.58 312.97 312.19 311.83 311.80 311.98 312.00 311.99
 317.80 318.17 319.08 320.13 320.74 320.86 320.57 319.77 318.27 316.50 313.54 309.62 304.34 299.13 296.37 296.08 297.86 300.94 304.94 308.28 310.40 311.85 312.55 312.66 312.51 312.69 312.71 312.26 311.29 310.46 309.90 309.76 310.46 311.67 311.80
 318.82 319.33 320.10 320.80 321.15 321.11 320.69 319.77 318.17 316.33 313.44 309.71 304.44 298.50 295.30 294.92 296.50 299.66 303.20 306.81 309.25 310.78 311.42 311.75 311.82 311.76 311.47 310.71 309.58 308.49 307.82 307.33 308.15 309.67 311.68
 319.72 320.01 320.52 321.00 321.23 321.11 320.57 319.55 318.04 316.19 313.40 310.05 305.55 300.95 297.04 296.16 297.56 300.38 303.21 306.36 308.52 310.07 310.77 311.33 311.53 311.42 310.87 309.76 308.16 306.90 304.79 304.36 305.77 307.98 309.92
 320.36 320.25 320.49 320.89 321.06 320.87 320.23 319.19 317.97 315.80 313.08 310.08 306.76 303.67 301.49 300.03 300.70 301.74 303.79 306.27 308.26 309.65 310.44 311.18 311.58 311.34 310.93 309.62 307.72 305.76 303.20 302.84 304.52 308.06 308.48
 320.56 320.32 320.30 320.62 320.75 320.51 319.76 319.07 317.44 315.22 312.62 309.71 307.08 304.82 303.61 302.08 301.69 302.21 303.82 306.05 307.87 309.32 310.15 311.01 311.28 311.47 311.07 310.18 308.28 306.36 303.96 303.63 304.98 307.61 308.13
 320.30 320.14 320.09 320.22 320.32 320.11 319.55 318.32 316.66 314.47 311.61 308.74 306.25 304.15 302.77 301.55 301.29 301.80 302.80 305.32 307.29 308.87 309.70 310.45 311.15 311.62 311.54 310.94 309.58 307.99 306.54 306.17 306.95 308.38 308.63
 319.51 319.50 319.69 319.87 319.86 319.38 318.38 317.05 315.16 312.69 309.81 306.88 304.62 302.74 301.31 300.27 300.17 300.50 301.11 304.01 306.54 308.16 308.74 309.39 310.54 311.53 312.10 311.96 311.21 310.38 309.40 309.13 309.47 310.16 310.37
 318.43 318.53 318.70 318.69 318.39 317.75 316.67 314.96 312.65 310.03 306.90 303.79 302.03 301.04 299.83 299.28 299.08 299.27 300.07 302.65 305.74 307.09 307.58 307.89 309.45 311.19 312.77 313.57 313.23 312.74 311.93 311.79 311.82 312.30 312.11
 317.24 317.37 317.45 317.05 316.32 315.55 314.04 312.12 309.69 306.80 303.44 300.76 299.56 299.54 299.12 298.83 298.91 299.43 300.44 303.49 306.13 306.93 307.01 307.17 309.05 311.07 313.67 315.20 315.10 314.45 313.49 313.19 312.90 312.70 312.82
 316.31 316.25 316.02 314.91 313.93 312.68 310.92 308.94 306.26 303.27 300.17 297.62 297.02 297.53 298.41 298.93 299.43 300.46 302.39 305.70 307.45 308.05 307.95 308.25 310.44 312.87 315.12 315.87 315.55 314.76 313.81 313.31 312.87 312.28 312.25
 316.00 316.00 314.34 312.56 310.97 309.52 307.76 305.52 302.88 299.95 296.75 294.12 293.65 295.23 297.53 299.13 300.48 302.33 305.33 307.74 309.21 310.13 310.61 311.50 313.06 314.96 315.63 315.65 315.05 313.82 312.78 311.96 311.35 310.88 310.92
 316.00 311.62 311.40 309.84 307.96 306.33 304.27 301.64 299.11 296.07 293.47 291.38 290.95 292.65 296.70 299.34 301.60 303.88 306.35 309.01 310.68 312.17 313.14 314.24 315.08 315.73 315.68 314.86 313.69 312.03 310.73 309.49 308.92 308.55 308.55
 315.25 311.62 309.66 307.65 305.53 303.46 300.85 298.02 295.46 292.38 290.44 289.07 288.78 291.25 295.83 299.47 302.07 303.86 306.27 308.75 311.09 312.98 314.24 315.31 315.73 315.47 314.57 313.16 311.37 309.54 308.13 307.11 306.17 305.54 305.32
 314.63 311.13 308.21 306.06 303.71 300.99 297.53 293.33 289.80 287.71 287.05 286.78 287.63 290.36 294.78 299.13 301.20 302.14 303.73 306.47 309.25 311.78 313.60 314.21 314.52 313.55 312.19 309.99 308.01 306.51 305.30 304.45 303.68 302.70 302.27
 314.44 311.25 306.94 305.03 302.75 298.25 294.11 289.19 284.60 281.63 280.74 282.24 284.78 288.21 292.29 296.38 297.87 297.25 297.94 299.26 302.54 307.29 309.43 310.15 311.74 308.94 308.84 308.06 305.67 303.48 302.54 302.03 301.46 300.00 300.00
 314.94 310.98 306.73 304.17 302.12 297.82 293.51 285.41 281.16 277.36 276.37 278.77 280.62 285.73 291.87 296.18 297.78 296.62 293.50 294.12 296.00 300.79 305.38 307.77 308.75 305.84 303.00 300.76 299.88 299.88 299.94 300.23 300.32 300.00 298.68
