data/geo12.grd
DSAA
35 25
0.00 26.20
0.00 18.60
274.32 322.63
 322.53 322.36 322.26 322.36 322.54 322.45 321.99 321.17 320.13 319.14 318.72 317.89 317.49 317.56 317.96 318.61 319.26 319.79 320.28 320.54 320.58 320.42 320.15 319.61 319.09 319.06 319.04 318.83 318.54 318.57 318.42 317.98 317.48 317.04 316.22
 321.92 322.15 322.30 322.49 322.50 322.26 321.76 321.01 320.13 319.09 318.67 317.76 317.28 317.33 317.50 318.08 318.72 319.24 319.59 319.71 319.63 319.46 319.33 319.32 319.11 318.80 318.68 318.58 318.50 318.13 317.74 317.32 317.24 316.64 316.13
 321.25 321.97 322.53 322.63 322.48 322.19 321.64 320.85 319.84 318.89 318.35 317.30 316.72 316.58 316.79 317.38 318.11 318.64 318.94 318.94 318.73 318.47 318.34 318.42 318.63 318.26 318.11 317.96 317.73 317.31 317.29 317.04 316.63 316.28 316.07
 320.55 321.49 322.12 322.43 322.36 322.10 321.58 320.82 319.83 318.74 318.04 316.84 315.92 315.66 315.93 316.46 317.27 318.03 318.24 318.09 317.78 317.42 317.23 317.37 317.69 317.90 317.63 317.42 317.13 316.76 316.49 316.23 315.97 315.83 315.96
 320.14 320.70 321.27 321.72 321.92 321.85 321.43 320.78 319.83 318.56 317.66 316.18 314.85 314.38 314.32 314.59 315.42 316.54 317.40 317.30 316.76 316.42 316.24 316.46 316.92 317.22 317.17 316.72 316.07 315.60 315.52 315.42 315.36 315.54 315.67
 320.18 320.00 320.38 320.89 321.28 321.42 321.12 320.57 319.55 318.15 317.04 315.24 313.73 312.83 312.41 312.68 313.60 314.86 315.79 316.22 316.03 315.92 315.91 316.22 316.63 316.83 316.62 316.01 315.21 314.67 314.53 314.50 314.50 314.59 314.72
 319.48 319.63 319.71 320.22 320.70 320.95 320.77 320.18 319.08 317.86 316.09 313.99 312.15 310.70 310.14 310.30 310.92 312.61 314.03 314.80 315.23 315.76 315.70 316.22 316.52 316.54 316.16 315.41 314.46 313.73 313.62 313.82 313.93 313.64 313.54
 319.02 319.06 319.25 319.92 320.51 320.75 320.54 319.85 318.63 317.35 315.22 312.73 310.13 307.53 306.67 306.89 307.93 309.90 311.93 313.32 314.03 314.94 315.34 315.85 316.01 315.91 315.42 314.58 313.49 313.07 312.89 312.92 312.91 312.71 312.70
 319.07 318.92 319.48 320.24 320.80 320.86 320.53 319.70 318.33 316.88 314.36 311.14 307.43 304.19 302.66 302.79 304.39 306.72 309.46 311.45 312.74 313.64 314.24 314.42 314.39 314.33 313.92 313.15 312.59 311.73 311.35 311.39 311.74 312.00 311.99
 319.33 319.53 320.23 320.92 321.23 321.12 320.62 319.67 318.10 316.50 313.72 310.15 305.56 301.27 299.10 299.08 300.88 303.62 307.08 309.88 311.40 312.38 312.88 312.91 312.65 312.65 312.52 311.93 310.81 309.89 309.28 309.16 309.99 311.22 311.52
 320.05 320.47 320.96 321.37 321.49 321.28 320.68 319.57 317.83 316.09 313.27 309.73 304.98 300.07 297.55 297.55 299.20 302.10 305.30 308.42 310.22 311.27 311.64 311.93 311.97 311.83 311.31 310.28 308.95 307.74 307.21 306.85 307.81 309.17 311.19
 320.70 320.85 321.15 321.41 321.46 321.22 320.55 319.30 317.59 315.73 312.80 309.31 304.84 301.08 298.14 297.78 299.42 302.15 304.87 307.72 309.35 310.50 310.89 311.35 311.48 311.27 310.54 309.20 307.41 306.18 304.26 303.99 305.54 307.98 310.04
 321.11 320.84 320.92 321.12 321.16 320.91 320.18 318.89 317.51 315.12 312.01 308.56 304.92 302.32 300.99 300.28 301.31 302.59 304.84 307.26 308.92 309.96 310.44 311.03 311.30 310.86 310.39 308.93 306.83 305.00 302.73 302.52 304.43 308.08 309.10
 321.14 320.75 320.53 320.67 320.69 320.44 319.64 318.83 316.90 314.45 311.34 307.81 304.88 302.94 302.39 301.62 301.59 302.43 304.33 306.73 308.39 309.57 310.08 310.73 310.68 310.73 310.27 309.43 307.33 305.46 303.36 303.33 304.92 307.88 308.89
 320.78 320.48 320.22 320.14 320.16 319.97 319.44 318.02 316.11 313.72 310.33 306.88 304.18 302.40 301.49 300.82 300.95 301.87 303.20 305.99 307.85 309.16 309.68 310.10 310.43 310.73 310.60 310.09 308.68 307.01 305.73 305.69 306.81 308.50 309.11
 319.96 319.80 319.85 319.90 319.80 319.29 318.24 316.84 314.78 312.11 308.74 305.32 302.93 301.29 300.30 299.73 299.96 300.72 301.79 305.00 307.43 308.67 308.88 309.13 309.79 310.53 311.03 310.99 310.41 309.60 308.75 308.76 309.37 309.92 310.25
 318.95 318.89 318.91 318.76 318.36 317.65 316.58 314.86 312.46 309.76 306.30 302.90 300.92 300.04 299.13 298.95 299.13 299.83 301.11 304.09 307.05 307.96 308.05 307.86 308.81 310.10 311.56 312.56 312.45 312.27 311.53 311.54 311.60 311.94 311.65
 317.76 317.77 317.67 317.15 316.29 315.46 314.00 312.11 309.75 306.84 303.46 300.52 298.96 298.81 298.60 298.59 299.14 300.25 301.65 305.11 307.72 308.08 307.69 307.27 308.39 309.89 312.32 314.20 314.43 314.19 313.36 313.15 312.76 312.41 312.41
 316.65 316.59 316.17 314.97 313.91 312.53 310.78 308.97 306.45 303.73 300.71 297.99 296.98 297.24 298.07 298.70 299.63 301.25 303.71 307.30 309.03 309.27 308.71 308.39 309.62 311.47 313.74 315.02 315.09 314.71 313.99 313.53 312.93 312.28 312.20
 316.00 316.00 314.33 312.58 310.76 309.14 307.33 305.32 303.00 300.45 297.57 295.10 294.37 295.49 297.29 298.78 300.49 302.93 306.48 309.28 310.68 311.34 311.39 311.77 312.41 314.03 314.74 315.07 314.87 314.00 313.30 312.51 311.77 311.20 311.22
 316.00 311.50 311.29 309.52 307.32 305.47 303.26 300.80 298.76 296.43 294.38 292.59 292.14 293.39 296.66 298.86 301.30 304.25 307.30 310.49 312.12 313.37 313.88 314.61 314.89 315.25 315.19 314.48 313.68 312.35 311.46 310.39 309.94 309.18 309.16
 315.24 311.50 309.24 306.78 304.26 302.08 299.62 296.99 294.74 292.28 290.95 289.93 289.93 292.13 296.02 299.07 301.75 304.05 307.14 310.15 312.56 314.19 314.96 315.71 315.78 315.30 314.30 312.95 311.38 309.85 308.86 308.14 307.20 306.24 306.07
 313.91 310.17 307.24 304.64 302.15 299.49 295.86 291.63 288.28 286.59 286.44 286.83 288.13 291.03 295.06 298.93 301.16 302.71 304.96 308.00 310.91 313.04 314.46 314.73 314.76 313.77 312.27 309.90 308.09 306.61 305.71 305.22 304.65 303.26 302.79
 312.80 310.24 305.75 303.62 301.00 296.20 291.86 286.81 282.35 280.12 279.60 281.62 284.74 288.50 292.64 296.50 298.50 299.00 299.80 301.59 305.19 308.92 310.57 311.14 312.32 309.92 309.78 308.09 306.13 303.39 302.70 302.49 302.17 300.00 300.00
 313.27 309.42 304.97 301.93 299.50 295.17 290.42 282.80 278.26 274.71 274.32 277.45 280.40 285.56 291.53 296.07 298.44 297.50 296.00 297.50 299.00 302.83 306.50 308.32 309.00 306.65 304.21 302.35 300.50 300.50 300.39 300.69 300.76 300.00 298.19
