data/geo24.grd
DSAA
35 25
0.00 26.20
0.00 18.60
278.41 322.13
 319.18 319.71 320.33 321.15 321.83 322.13 321.92 321.18 320.00 318.74 317.50 316.52 316.04 316.08 316.36 317.11 318.10 319.05 319.76 320.15 320.31 320.31 320.23 320.11 320.00 320.30 320.46 320.32 320.00 320.04 319.85 319.30 318.45 317.40 316.26
 318.46 319.25 320.00 320.82 321.34 321.53 321.36 320.83 320.00 318.79 317.56 316.54 316.00 316.00 316.00 316.62 317.49 318.32 318.90 319.19 319.27 319.27 319.35 319.60 320.00 320.00 320.00 320.00 320.00 319.51 318.99 318.37 317.65 316.85 316.04
 317.67 318.82 320.01 320.68 321.04 321.16 321.01 320.54 319.69 318.67 317.46 316.30 315.68 315.45 315.44 315.94 316.80 317.62 318.17 318.35 318.28 318.17 318.24 318.59 319.07 319.27 319.30 319.22 319.03 318.55 318.06 317.52 316.93 316.38 315.92
 316.73 317.98 319.22 320.15 320.59 320.78 320.76 320.45 319.78 318.69 317.41 316.14 315.18 314.61 314.42 314.76 315.69 316.67 317.33 317.47 317.27 317.01 316.99 317.40 318.01 318.39 318.45 318.24 317.83 317.40 317.09 316.72 316.30 316.00 315.95
 316.00 316.93 318.05 319.13 319.89 320.30 320.46 320.33 319.74 318.57 317.17 315.67 314.30 313.31 312.83 312.79 313.57 314.92 316.08 316.39 316.22 315.95 315.90 316.40 317.20 317.69 317.72 317.34 316.71 316.26 316.19 316.01 315.85 316.00 316.00
 316.00 316.00 316.92 318.14 319.19 319.85 320.11 320.07 319.36 318.10 316.53 314.66 312.86 311.46 310.74 310.48 311.04 312.51 314.00 314.89 315.23 315.38 315.65 316.21 316.93 317.34 317.26 316.74 316.00 315.53 315.35 315.22 315.14 315.20 315.28
 315.31 315.51 316.22 317.57 318.81 319.61 319.91 319.72 318.85 317.36 315.44 313.23 310.84 308.94 307.91 307.46 307.92 309.79 311.63 313.16 314.09 314.81 315.50 316.25 316.84 317.11 316.90 316.29 315.46 314.83 314.51 314.33 314.21 314.11 314.04
 315.20 315.44 316.17 317.65 318.95 319.70 319.92 319.56 318.49 316.75 314.59 311.92 308.51 305.15 303.64 303.41 304.02 306.27 308.70 311.03 312.63 313.92 314.95 315.87 316.31 316.49 316.20 315.52 314.56 313.85 313.48 313.32 313.19 312.95 312.76
 316.00 316.00 317.03 318.46 319.61 320.12 320.18 319.66 318.42 316.49 313.85 310.29 305.55 301.33 298.94 298.47 300.00 302.33 305.57 308.61 310.96 312.69 313.68 314.27 314.55 314.75 314.60 314.03 313.16 312.48 312.16 312.09 312.15 312.00 311.99
 316.93 317.38 318.38 319.59 320.36 320.63 320.49 319.85 318.49 316.46 313.58 309.60 304.02 298.40 295.25 294.60 296.00 299.10 303.18 306.74 309.48 311.37 312.25 312.52 312.58 312.88 312.88 312.46 311.66 310.95 310.45 310.30 310.88 312.00 312.00
 318.07 318.62 319.52 320.36 320.84 320.93 320.65 319.92 318.51 316.46 313.73 310.00 304.56 298.17 294.56 293.67 294.94 298.05 301.59 305.33 308.38 310.30 311.29 311.65 311.73 311.73 311.61 311.08 310.16 309.22 308.26 307.72 308.46 310.12 312.00
 319.09 319.44 320.07 320.67 320.99 320.96 320.54 319.75 318.42 316.49 313.97 310.72 306.45 301.33 296.84 295.56 296.48 299.18 301.89 305.03 307.76 309.65 310.78 311.36 311.59 311.56 311.17 310.28 308.92 307.45 305.36 304.85 306.08 308.00 309.77
 319.75 319.83 320.17 320.67 320.92 320.78 320.24 319.45 318.15 316.27 313.95 311.22 308.26 304.83 302.00 300.04 300.25 301.05 302.84 305.19 307.53 309.33 310.55 311.33 311.79 311.88 311.36 310.24 308.60 306.41 303.84 303.39 304.68 308.00 308.00
 319.96 319.90 320.12 320.54 320.74 320.52 319.86 319.03 317.70 315.75 313.51 311.05 308.60 306.13 304.31 302.25 301.64 301.92 303.23 305.19 307.26 309.04 310.31 311.26 311.99 312.26 311.89 310.80 309.16 307.13 304.64 303.92 304.96 307.18 307.42
 319.70 319.67 319.90 320.26 320.40 320.13 319.39 318.37 316.94 314.85 312.44 310.00 307.61 305.19 303.45 301.87 301.28 301.39 302.35 304.53 306.71 308.59 309.79 310.85 311.96 312.50 312.46 311.71 310.35 308.84 307.21 306.45 306.85 308.00 308.00
 318.98 319.07 319.33 319.59 319.64 319.22 318.32 317.00 315.22 312.90 310.42 307.90 305.65 303.53 301.72 300.35 300.03 300.06 300.53 303.08 305.69 307.76 308.77 309.82 311.40 312.49 313.07 312.87 311.89 310.99 309.88 309.24 309.22 309.90 310.03
 317.93 318.13 318.39 318.46 318.25 317.67 316.53 314.82 312.61 310.03 307.26 304.31 302.65 301.42 300.00 299.14 298.76 298.67 299.16 301.51 304.63 306.50 307.39 308.22 310.26 312.23 313.79 314.41 313.93 313.01 312.17 311.71 311.60 312.00 312.00
 316.81 317.02 317.20 316.92 316.32 315.48 313.90 311.98 309.50 306.67 303.36 300.83 299.80 299.66 298.99 298.52 298.30 298.41 299.33 302.09 304.75 306.09 306.65 307.37 309.77 312.15 314.73 315.92 315.61 314.47 313.47 312.91 312.66 312.56 312.72
 316.06 316.00 315.91 314.94 313.90 312.72 310.98 308.82 306.10 302.92 299.77 297.30 296.80 297.27 297.95 298.36 298.70 299.37 300.96 304.00 305.92 306.88 307.34 308.17 311.02 313.89 316.10 316.44 315.85 314.61 313.45 312.81 312.50 312.00 312.00
 316.00 316.00 314.38 312.53 311.18 309.85 308.11 305.72 302.86 299.67 296.23 293.42 292.94 294.57 297.05 298.62 299.77 301.24 303.67 305.93 307.62 308.67 309.69 310.98 313.19 315.27 316.24 316.06 315.07 313.58 312.13 311.33 310.84 310.48 310.52
 316.00 312.00 311.61 310.20 308.62 307.07 305.15 302.45 299.52 296.00 293.01 290.59 289.96 291.85 296.15 299.05 301.16 302.85 304.98 307.16 309.01 310.56 312.03 313.32 314.73 315.72 315.80 315.09 313.59 311.80 310.07 308.79 307.94 308.00 308.00
 315.31 312.00 310.11 308.49 306.64 304.68 302.00 299.00 296.23 292.71 290.33 288.66 287.96 290.45 295.26 299.24 301.72 303.20 305.01 307.19 309.37 311.31 313.08 314.28 315.10 315.19 314.56 313.22 311.41 309.46 307.64 306.29 305.34 304.98 304.73
 315.21 312.00 309.10 307.27 305.02 302.32 299.01 294.95 291.38 288.95 287.77 286.87 287.32 289.76 294.40 298.80 300.88 301.35 302.39 305.02 307.52 310.15 312.14 313.15 313.81 313.03 312.04 310.19 308.22 306.70 305.18 303.90 302.86 302.15 301.80
 315.58 312.00 308.00 306.16 304.00 300.00 296.00 291.50 286.86 283.33 282.00 283.00 285.00 288.00 292.00 296.00 297.33 296.00 296.57 297.50 300.40 305.60 308.00 308.80 310.67 308.00 308.00 308.00 305.51 303.85 302.70 301.77 300.89 300.00 300.00
 315.98 312.00 308.00 305.91 304.00 300.00 296.00 288.00 284.00 280.00 278.41 280.00 281.00 286.00 292.00 296.00 297.21 296.00 292.00 292.00 294.00 299.11 304.00 306.76 308.00 304.93 302.24 300.00 300.00 300.00 300.00 300.00 300.00 300.00 299.10
