data/geo36.grd
DSAA
35 25
0.00 26.20
0.00 18.60
282.18 321.31
 318.34 318.92 319.58 320.36 320.98 321.31 321.26 320.79 319.96 319.03 316.60 315.89 315.54 315.56 315.71 316.24 317.01 317.79 318.33 318.64 318.78 318.84 318.85 319.47 320.12 320.61 320.78 320.71 320.49 320.52 320.38 319.98 318.91 317.05 316.19
 317.82 318.53 319.23 319.99 320.50 320.78 320.77 320.49 319.96 319.09 316.67 315.95 315.57 315.56 315.50 315.93 316.58 317.24 317.70 317.95 318.06 318.12 318.24 318.49 319.84 320.40 320.44 320.47 320.50 320.13 319.74 319.15 317.24 316.64 316.00
 317.25 318.16 319.17 319.80 320.21 320.43 320.46 320.26 319.74 319.04 316.68 315.87 315.44 315.26 315.11 315.42 316.02 316.74 317.19 317.37 317.37 317.35 317.46 317.78 318.19 319.62 319.93 319.90 319.79 319.44 318.01 317.17 316.72 316.28 315.90
 316.55 317.49 318.51 319.34 319.80 320.08 320.23 320.18 319.83 319.11 316.73 315.86 315.21 314.20 313.35 313.49 314.30 315.05 316.22 316.77 316.68 316.54 316.58 316.94 317.45 317.76 318.58 318.28 317.56 317.15 316.93 316.64 316.31 316.06 315.96
 315.95 316.70 317.63 318.56 319.25 319.68 319.98 320.07 319.80 319.05 316.62 315.61 314.68 312.83 312.06 311.93 312.43 313.41 314.28 315.24 315.97 315.81 315.82 316.25 316.89 317.28 317.33 317.10 316.69 316.39 316.35 316.20 316.06 316.15 316.11
 315.94 316.00 316.79 317.84 318.76 319.38 319.74 319.88 319.51 318.72 316.18 314.91 313.11 311.18 310.53 309.67 309.25 310.30 312.05 313.21 314.46 315.04 315.68 316.14 316.72 317.06 317.05 316.74 316.26 315.97 315.84 315.72 315.64 315.67 315.71
 315.48 315.63 316.32 317.50 318.58 319.29 319.66 319.66 319.16 317.09 315.41 313.90 311.20 309.29 307.94 306.69 306.87 307.92 309.39 311.46 312.68 313.24 315.60 316.18 316.67 316.93 316.85 316.49 315.97 315.59 315.04 314.23 313.69 314.25 314.51
 315.53 315.75 316.42 317.68 318.78 319.45 319.74 319.61 318.95 316.30 314.85 313.01 309.28 306.37 304.32 303.34 302.71 304.27 305.96 308.73 311.32 312.55 314.66 315.92 316.31 316.52 316.39 315.99 315.40 313.84 313.18 313.01 312.89 312.71 312.53
 316.31 316.36 317.20 318.38 319.34 319.83 320.00 319.76 318.98 316.20 314.40 311.67 306.96 303.36 300.50 298.96 299.42 300.25 302.50 306.01 309.33 311.88 313.22 314.48 315.09 315.31 315.29 314.98 312.96 312.57 312.38 312.29 312.24 312.00 311.99
 317.15 317.53 318.30 319.28 319.95 320.26 320.28 319.96 319.12 316.29 314.34 311.09 306.11 301.17 297.87 296.19 295.77 297.89 300.82 303.88 307.84 310.54 311.76 312.54 313.35 313.76 313.19 312.48 312.06 311.65 311.36 311.25 311.55 312.26 312.16
 318.05 318.47 319.20 319.90 320.34 320.50 320.42 320.06 319.23 316.43 314.64 311.48 306.79 301.20 297.65 295.29 295.26 297.35 299.82 302.80 306.93 309.40 311.28 311.67 311.74 311.79 311.84 311.65 311.18 310.64 308.62 308.28 308.97 310.86 312.15
 318.86 319.16 319.69 320.20 320.50 320.55 320.36 319.98 319.00 316.58 315.04 311.87 308.84 303.64 299.16 297.43 296.67 298.46 300.27 302.46 306.42 308.82 311.15 311.58 311.76 311.80 311.66 311.21 310.45 308.06 306.61 306.19 306.90 308.06 309.38
 318.98 319.55 319.86 320.30 320.53 320.48 320.18 319.82 317.65 316.56 315.08 312.37 310.23 306.58 303.04 300.82 299.81 300.19 301.23 302.77 305.89 308.68 311.07 311.65 312.02 313.09 311.90 311.26 310.32 307.41 305.60 305.22 305.18 307.77 307.48
 318.69 319.12 319.94 320.32 320.51 320.37 319.98 318.09 317.40 316.07 314.15 312.08 309.63 307.05 304.19 301.76 301.11 301.11 301.79 302.95 305.80 308.38 310.88 311.68 313.76 314.02 313.58 311.66 310.72 308.28 306.19 304.48 304.65 305.88 306.19
 318.11 318.36 319.32 320.21 320.35 319.78 318.24 317.70 316.70 314.49 312.75 310.71 308.21 305.13 303.04 301.29 300.19 299.56 301.28 302.58 305.50 308.05 310.17 311.80 313.82 314.26 314.26 312.98 311.46 310.10 308.16 306.43 305.91 306.50 306.30
 317.66 317.80 318.05 318.29 318.37 318.12 317.57 316.13 314.40 312.24 310.29 308.31 305.73 303.11 300.74 299.11 298.71 298.49 299.69 301.41 304.08 307.25 309.38 311.20 313.47 314.31 314.73 314.54 312.90 311.73 310.31 308.67 307.63 307.92 307.95
 316.95 317.17 317.42 317.54 317.46 317.01 315.61 313.82 311.87 309.23 307.25 304.27 302.44 300.28 298.75 297.43 297.32 297.35 297.77 300.15 303.00 306.18 307.80 309.77 312.36 314.20 315.27 315.56 315.11 312.92 312.17 310.53 309.85 309.44 310.02
 316.22 316.43 316.64 316.54 316.22 314.89 313.13 311.24 308.69 306.17 303.04 300.45 299.22 298.10 296.79 296.23 295.92 295.75 297.37 299.97 302.65 305.36 306.89 308.64 311.35 314.00 315.96 316.52 316.13 313.74 313.02 311.43 311.07 311.02 311.03
 315.84 315.80 315.85 315.28 313.68 312.49 310.83 308.35 305.89 302.51 299.36 296.79 295.60 295.12 294.59 294.79 295.64 296.29 297.74 300.31 302.96 304.71 306.60 308.21 311.48 314.78 316.85 316.77 315.95 313.71 312.19 310.97 310.86 310.57 310.60
 316.00 316.00 314.58 312.43 311.59 310.34 308.53 306.13 303.09 299.74 296.11 292.83 291.54 292.07 293.95 295.03 296.23 297.60 298.84 301.50 304.06 305.00 307.43 309.20 311.91 314.05 316.66 316.37 314.61 312.91 310.46 309.83 309.58 309.41 309.45
 316.00 313.50 312.34 311.03 309.99 308.20 306.53 303.98 300.55 296.76 293.42 290.27 288.58 290.05 293.26 296.18 298.06 298.84 300.99 302.33 304.97 306.10 308.74 309.86 312.44 314.25 314.95 315.09 313.03 311.62 308.99 307.99 306.07 307.13 307.10
 315.56 313.50 311.12 310.12 308.35 306.62 304.07 300.80 297.91 294.09 291.29 289.18 287.32 289.07 292.97 296.88 299.00 300.52 301.30 303.58 305.18 306.58 309.43 310.38 312.08 313.28 313.72 312.90 311.62 310.02 307.41 305.27 304.27 304.24 303.99
 315.91 313.50 310.69 309.04 306.88 304.50 301.42 297.94 294.70 291.82 289.55 287.49 287.28 288.75 293.38 296.59 299.16 299.11 299.40 302.35 303.88 305.80 307.43 309.44 310.99 311.11 311.55 310.89 309.52 307.95 305.82 303.49 301.66 301.06 301.03
 316.35 312.77 309.76 307.62 305.00 302.60 298.71 295.90 291.41 287.29 284.91 284.93 285.94 287.83 291.58 294.50 296.50 295.00 295.30 295.72 297.63 302.05 304.28 304.99 307.04 306.24 306.65 307.74 306.13 305.39 304.01 301.85 300.17 300.00 300.00
 316.13 312.41 309.09 307.93 305.50 302.94 299.19 293.14 289.47 285.28 282.51 282.18 282.20 286.81 291.63 294.78 296.32 295.50 292.00 291.50 293.00 296.83 300.50 303.33 305.00 302.83 302.09 300.96 302.50 302.50 301.63 300.21 299.75 300.00 299.70
