data/geo30.grd
DSAA
35 25
0.00 26.20
0.00 18.60
280.46 321.78
 318.44 319.08 319.81 320.70 321.42 321.78 321.66 321.03 319.97 318.80 317.01 316.11 315.67 315.70 315.91 316.60 317.55 318.48 319.16 319.53 319.70 319.74 319.72 319.93 320.16 320.57 320.76 320.65 320.37 320.40 320.23 319.72 318.74 317.31 316.24
 317.79 318.62 319.43 320.30 320.88 321.16 321.09 320.68 319.97 318.87 317.09 316.17 315.68 315.67 315.62 316.18 317.00 317.80 318.37 318.66 318.77 318.81 318.94 319.22 320.05 320.30 320.33 320.36 320.38 319.92 319.43 318.79 317.55 316.80 316.01
 317.07 318.18 319.38 320.11 320.55 320.76 320.73 320.40 319.69 318.78 317.06 316.01 315.46 315.24 315.15 315.57 316.35 317.16 317.71 317.91 317.88 317.82 317.94 318.31 318.80 319.53 319.68 319.63 319.48 319.04 318.14 317.45 316.89 316.36 315.89
 316.18 317.36 318.59 319.56 320.07 320.35 320.46 320.30 319.79 318.84 317.08 315.95 315.10 314.32 313.83 314.07 314.97 315.89 316.80 317.13 316.98 316.78 316.81 317.23 317.84 318.21 318.60 318.36 317.81 317.39 317.10 316.75 316.35 316.04 315.95
 315.47 316.37 317.49 318.59 319.40 319.88 320.16 320.18 319.75 318.75 316.90 315.58 314.38 313.00 312.35 312.24 312.91 314.15 315.24 315.85 316.06 315.84 315.83 316.33 317.12 317.60 317.64 317.33 316.78 316.39 316.33 316.16 315.99 316.11 316.08
 315.46 315.50 316.44 317.69 318.77 319.48 319.84 319.94 319.39 318.32 316.34 314.68 312.85 311.18 310.45 309.90 310.05 311.39 313.05 314.09 314.84 315.19 315.63 316.18 316.89 317.30 317.26 316.83 316.20 315.80 315.64 315.50 315.41 315.45 315.51
 314.85 315.04 315.82 317.21 318.49 319.32 319.71 319.64 318.94 317.19 315.35 313.39 310.81 308.85 307.64 306.82 307.15 308.74 310.49 312.32 313.42 314.10 315.51 316.23 316.81 317.11 316.97 316.47 315.78 315.25 314.82 314.36 314.05 314.22 314.28
 314.84 315.11 315.88 317.38 318.69 319.48 319.78 319.54 318.64 316.51 314.61 312.23 308.60 305.31 303.52 302.95 303.04 305.07 307.27 309.88 311.97 313.28 314.79 315.89 316.35 316.57 316.37 315.81 315.01 313.94 313.44 313.25 313.11 312.89 312.68
 315.73 315.77 316.79 318.21 319.36 319.92 320.07 319.69 318.64 316.33 313.99 310.70 305.84 301.73 299.06 298.11 299.23 301.00 303.93 307.28 310.13 312.27 313.44 314.33 314.77 315.01 314.94 314.50 313.16 312.61 312.34 312.25 312.23 312.00 311.99
 316.71 317.17 318.12 319.31 320.10 320.43 320.40 319.91 318.78 316.39 313.85 310.09 304.61 299.08 295.75 294.64 295.30 298.08 301.81 305.27 308.62 310.93 311.99 312.48 312.86 313.24 313.04 312.54 311.91 311.35 310.94 310.80 311.24 312.20 312.12
 317.82 318.33 319.22 320.06 320.57 320.73 320.56 320.02 318.87 316.49 314.13 310.59 305.34 299.07 295.35 293.79 294.53 297.28 300.46 303.99 307.61 309.84 311.24 311.62 311.70 311.74 311.73 311.40 310.69 309.94 308.52 308.04 308.73 310.51 312.16
 318.80 319.16 319.79 320.40 320.75 320.78 320.47 319.89 318.74 316.62 314.52 311.33 307.55 302.23 297.55 295.98 296.18 298.54 300.91 303.73 307.06 309.23 310.91 311.44 311.67 311.69 311.43 310.77 309.68 307.84 305.96 305.46 306.46 308.03 309.59
 319.29 319.60 319.96 320.47 320.75 320.65 320.23 319.66 318.04 316.52 314.62 311.98 309.42 305.80 302.52 300.30 299.95 300.53 301.99 304.02 306.74 309.01 310.76 311.49 311.94 312.46 311.68 310.79 309.47 306.96 304.64 304.18 304.90 307.90 307.67
 319.33 319.50 320.00 320.44 320.66 320.47 319.93 318.70 317.69 316.03 314.02 311.84 309.45 306.87 304.51 302.14 301.45 301.55 302.55 304.16 306.57 308.72 310.55 311.49 312.82 313.11 312.73 311.29 309.97 307.77 305.38 304.20 304.85 306.61 306.77
 318.97 319.08 319.64 320.26 320.41 320.02 318.95 318.16 316.95 314.86 312.82 310.66 308.26 305.52 303.54 301.78 300.91 300.64 301.84 303.62 306.11 308.32 309.95 311.30 312.85 313.38 313.37 312.39 310.97 309.54 307.75 306.54 306.50 307.38 307.22
 318.36 318.50 318.78 319.06 319.14 318.80 318.05 316.69 314.97 312.75 310.58 308.38 306.02 303.65 301.53 299.96 299.54 299.39 300.06 302.22 304.87 307.46 308.98 310.42 312.38 313.42 313.95 313.73 312.46 311.44 310.18 309.09 308.60 309.16 309.22
 317.43 317.67 317.96 318.08 317.94 317.42 316.18 314.44 312.35 309.77 307.38 304.47 302.79 301.17 299.64 298.52 298.17 298.03 298.39 300.68 303.72 306.20 307.46 308.85 311.23 313.23 314.62 315.07 314.56 313.07 312.25 311.29 310.94 311.05 311.30
 316.47 316.71 316.93 316.75 316.29 315.26 313.60 311.69 309.17 306.46 303.23 300.73 299.69 299.18 298.21 297.65 297.30 297.18 298.31 300.92 303.59 305.57 306.61 307.86 310.53 313.13 315.49 316.36 315.95 314.23 313.31 312.33 312.05 312.00 312.13
 315.90 315.85 315.86 315.06 313.82 312.66 310.95 308.62 305.98 302.67 299.50 297.02 296.33 296.47 296.68 296.98 297.44 297.98 299.41 302.21 304.42 305.77 306.89 308.16 311.37 314.53 316.68 316.74 315.98 314.26 312.91 312.03 311.83 311.43 311.45
 316.00 316.00 314.46 312.48 311.39 310.12 308.36 305.93 302.93 299.60 296.02 292.99 292.24 293.52 295.86 297.25 298.35 299.66 301.51 303.85 305.90 306.96 308.63 310.21 312.81 314.97 316.58 316.30 314.92 313.28 311.36 310.62 310.25 309.99 310.03
 316.00 312.62 311.92 310.59 309.30 307.69 305.90 303.23 300.00 296.23 292.99 290.22 289.17 290.98 295.00 298.00 299.98 301.17 303.20 304.93 307.11 308.54 310.56 311.86 313.85 315.23 315.56 315.17 313.37 311.66 309.49 308.29 306.99 307.53 307.52
 315.41 312.62 310.60 309.32 307.58 305.73 303.07 299.93 297.05 293.28 290.61 288.69 287.47 289.72 294.30 298.38 300.70 302.09 303.35 305.46 307.40 309.18 311.47 312.64 313.88 314.46 314.28 313.14 311.49 309.62 307.40 305.68 304.71 304.54 304.28
 315.63 312.79 309.93 308.26 306.08 303.49 300.31 296.49 293.01 290.32 288.60 287.11 287.20 289.22 293.93 297.96 300.20 300.34 300.95 303.65 305.73 308.16 310.08 311.56 312.63 312.22 311.83 310.49 308.73 307.18 305.35 303.58 302.18 301.60 301.39
 316.22 312.51 308.94 307.03 304.75 301.45 297.54 293.74 289.13 285.22 283.39 283.89 285.38 287.88 291.76 295.38 296.87 295.25 295.69 296.32 298.76 303.86 306.28 307.08 309.10 307.10 307.27 307.89 305.67 304.48 303.19 301.71 300.46 300.00 300.00
 316.38 312.48 308.79 307.17 305.12 301.71 297.89 290.58 286.77 282.64 280.46 281.14 281.52 286.36 291.92 295.53 296.72 295.62 291.50 291.12 293.00 297.79 302.38 305.28 306.75 303.93 301.94 300.07 300.88 300.88 300.56 299.99 299.81 300.00 299.44
