data/geo42.grd
DSAA
35 25
0.00 26.20
0.00 18.60
283.02 320.72
 318.85 319.23 319.64 320.13 320.51 320.72 320.70 320.44 319.97 319.43 316.26 315.85 315.65 315.66 315.73 316.04 316.50 316.96 317.28 317.46 317.55 317.59 317.61 318.72 319.89 320.42 320.53 320.49 320.37 320.38 320.30 320.07 318.94 316.61 316.11
 318.56 318.99 319.43 319.89 320.21 320.39 320.41 320.27 319.97 319.47 316.31 315.90 315.68 315.67 315.62 315.87 316.25 316.64 316.92 317.07 317.14 317.18 317.26 317.42 319.36 320.30 320.33 320.36 320.38 320.16 319.93 319.43 316.72 316.37 315.99
 318.23 318.77 319.37 319.77 320.03 320.18 320.22 320.13 319.85 319.45 316.33 315.86 315.62 315.51 315.32 315.51 315.83 316.35 316.62 316.73 316.74 316.74 316.82 317.01 317.26 319.56 320.03 320.02 319.96 319.76 317.68 316.69 316.42 316.17 315.93
 317.82 318.37 318.98 319.49 319.78 319.96 320.08 320.08 319.90 319.50 316.37 315.88 315.51 314.24 312.99 313.01 313.67 314.15 315.60 316.40 316.35 316.28 316.31 316.53 316.83 317.02 318.39 318.00 317.05 316.69 316.56 316.39 316.20 316.04 315.98
 317.47 317.91 318.46 319.03 319.45 319.73 319.93 320.01 319.88 319.47 316.32 315.75 315.23 312.80 311.94 311.85 312.13 312.69 313.20 314.57 315.95 315.86 315.88 316.13 316.52 316.75 316.78 316.66 316.43 316.26 316.24 316.15 316.07 316.11 316.08
 317.46 317.50 317.98 318.62 319.17 319.55 319.79 319.90 319.71 319.27 316.07 315.35 313.66 311.45 310.97 309.78 308.65 309.26 311.02 312.23 314.10 314.94 315.80 316.08 316.42 316.63 316.63 316.46 316.20 316.04 315.96 315.89 315.84 315.85 315.87
 317.20 317.29 317.71 318.43 319.08 319.52 319.75 319.78 319.51 317.03 315.63 314.77 312.01 310.26 308.81 307.09 307.08 307.35 308.34 310.58 311.87 312.23 315.76 316.10 316.39 316.56 316.52 316.33 316.05 315.84 315.16 313.95 313.13 314.19 314.73
 317.24 317.39 317.79 318.55 319.22 319.63 319.82 319.76 319.40 316.13 315.31 314.27 310.56 308.33 306.05 304.59 303.03 303.89 304.78 307.57 310.70 311.73 314.55 315.96 316.19 316.33 316.27 316.05 315.73 313.53 312.70 312.59 312.52 312.42 312.30
 317.73 317.77 318.27 318.98 319.56 319.86 319.98 319.86 319.43 316.09 315.07 313.20 308.89 306.22 303.26 301.01 300.56 300.07 301.28 304.80 308.57 311.53 313.02 314.72 315.50 315.64 315.64 315.48 312.58 312.37 312.26 312.21 312.16 312.00 312.00
 318.25 318.48 318.93 319.51 319.92 320.11 320.15 319.99 319.53 316.16 315.06 312.60 308.51 304.66 301.61 299.27 297.39 298.53 300.22 302.55 307.12 310.19 311.57 312.71 314.04 314.45 313.32 312.31 312.08 311.87 311.71 311.65 311.80 312.20 312.12
 318.78 319.02 319.46 319.88 320.15 320.26 320.24 320.06 319.61 316.26 315.26 312.67 308.90 304.57 301.48 298.17 297.13 298.26 299.67 301.74 306.36 308.97 311.40 311.80 311.84 311.87 311.93 311.86 311.61 311.33 308.54 308.45 309.16 311.14 311.97
 319.26 319.44 319.76 320.07 320.25 320.30 320.20 320.02 319.19 316.37 315.53 312.36 310.32 305.56 301.68 299.89 297.94 298.95 299.96 301.21 305.85 308.41 311.52 311.76 311.87 311.91 311.85 311.63 311.22 308.11 307.28 307.03 307.42 308.11 309.15
 318.81 319.68 319.88 320.14 320.29 320.26 320.11 319.93 316.97 316.39 315.35 312.37 310.70 307.17 303.58 301.59 299.83 300.01 300.57 301.43 304.98 308.34 311.48 311.82 312.04 313.77 312.00 311.67 311.17 307.76 306.72 306.49 305.53 307.60 307.43
 318.01 318.77 319.94 320.17 320.29 320.21 320.00 317.19 316.84 315.86 313.90 311.76 309.13 306.66 303.37 301.10 300.63 300.59 300.94 301.56 304.94 307.99 311.28 311.86 314.82 314.98 314.46 311.89 311.39 308.66 307.06 304.75 304.37 305.02 305.66
 317.12 317.51 318.94 320.13 320.21 319.41 317.26 316.98 316.19 313.76 312.23 310.16 307.45 304.03 301.95 300.40 299.11 298.13 300.67 301.42 304.86 307.79 310.46 312.36 314.87 315.13 315.14 313.49 311.80 310.52 308.43 306.13 305.08 305.38 305.22
 316.87 316.97 317.12 317.27 317.32 317.19 316.89 315.31 313.52 311.36 309.54 307.70 304.78 301.91 299.35 297.79 297.53 297.36 299.44 300.68 303.33 307.15 309.95 312.15 314.68 315.17 315.41 315.30 313.24 311.86 310.26 308.00 306.29 306.21 306.21
 316.47 316.61 316.77 316.85 316.82 316.42 314.83 312.96 311.17 308.44 306.89 303.71 301.62 298.77 297.32 295.86 296.20 296.63 297.28 299.92 302.49 306.45 308.41 310.99 313.65 315.12 315.73 315.87 315.59 312.56 311.93 309.44 308.32 307.18 308.15
 316.07 316.20 316.33 316.29 316.13 314.37 312.49 310.64 308.08 305.81 302.80 299.99 298.39 296.41 294.72 294.26 294.15 294.11 296.53 299.24 301.94 305.46 307.49 309.72 312.21 314.77 316.13 316.40 316.15 313.00 312.58 310.23 309.72 309.63 309.44
 315.87 315.85 315.90 315.59 313.49 312.22 310.62 307.99 305.85 302.46 299.36 296.59 294.62 293.23 291.70 291.80 293.31 294.29 295.96 298.32 301.54 303.71 306.47 308.32 311.36 314.66 316.63 316.52 315.75 312.95 311.28 309.62 309.58 309.43 309.45
 316.00 316.00 314.73 312.35 311.80 310.51 308.60 306.35 303.34 300.10 296.51 292.94 290.86 290.23 291.33 291.94 293.41 295.04 295.67 298.89 302.09 302.78 306.10 307.94 310.49 312.52 316.46 316.27 314.12 312.49 309.44 308.95 308.83 308.75 308.77
 316.00 314.62 312.85 311.49 310.71 308.59 307.03 304.71 301.16 297.58 294.29 290.74 288.19 289.06 290.93 293.59 295.40 295.86 298.38 299.35 302.60 303.26 306.55 307.32 310.49 312.78 313.97 314.86 312.57 311.68 308.57 307.90 305.19 306.81 306.75
 315.76 314.62 311.67 310.91 308.95 307.34 304.99 301.62 298.83 295.14 292.37 290.11 287.49 288.50 291.24 294.76 296.63 298.49 298.85 301.52 302.72 303.52 306.93 307.50 309.70 311.65 312.89 312.53 311.79 310.66 307.66 305.07 304.04 304.05 303.84
 316.03 314.12 311.38 309.59 307.44 305.34 302.35 299.31 296.44 293.44 290.61 288.02 287.54 288.34 292.73 294.71 297.76 297.67 297.75 301.14 301.97 303.08 304.18 306.78 308.88 309.70 311.22 311.39 310.62 309.01 306.58 303.63 301.28 300.53 300.73
 315.98 312.78 310.45 307.94 304.75 303.45 299.54 297.99 293.70 289.55 286.55 286.10 286.65 287.88 291.45 293.38 296.21 295.25 295.41 295.70 297.00 300.19 301.99 302.53 304.48 305.43 306.14 307.55 306.91 306.56 305.15 302.20 300.01 300.00 300.00
 315.25 311.80 308.91 308.21 305.12 303.71 299.89 295.69 292.10 287.91 284.56 283.14 283.02 287.36 291.12 293.75 295.99 295.62 293.50 293.12 294.00 296.24 298.38 300.91 302.75 301.64 302.70 302.68 304.88 304.88 303.20 300.65 299.81 300.00 299.89
