data/geo48.grd
DSAA
35 25
0.00 26.20
0.00 18.60
284.00 320.00
 320.00 320.00 320.00 320.00 320.00 320.00 320.00 320.00 320.00 320.00 316.00 316.00 316.00 316.00 316.00 316.00 316.00 316.00 316.00 316.00 316.00 316.00 316.00 317.68 319.46 320.00 320.00 320.00 320.00 320.00 320.00 320.00 318.85 316.00 316.00
 320.00 320.00 320.00 320.00 320.00 320.00 320.00 320.00 320.00 320.00 316.00 316.00 316.00 316.00 316.00 316.00 316.00 316.00 316.00 316.00 316.00 316.00 316.00 316.00 318.62 320.00 320.00 320.00 320.00 320.00 320.00 319.65 316.00 316.00 316.00
 320.00 320.00 320.00 320.00 320.00 320.00 320.00 320.00 320.00 320.00 316.00 316.00 316.00 316.00 315.79 315.84 315.78 316.00 316.00 316.00 316.00 316.00 316.00 316.00 316.00 319.32 320.00 320.00 320.00 320.00 317.14 316.00 316.00 316.00 316.00
 320.00 320.00 320.00 320.00 320.00 320.00 320.00 320.00 320.00 320.00 316.00 316.00 316.00 314.44 312.73 312.64 313.08 313.18 314.93 316.00 316.00 316.00 316.00 316.00 316.00 316.00 318.02 317.53 316.31 316.00 316.00 316.00 316.00 316.00 316.00
 320.00 320.00 320.00 320.00 320.00 320.00 320.00 320.00 320.00 320.00 316.00 316.00 316.00 312.93 312.00 312.00 312.00 312.00 312.00 313.85 316.00 316.00 316.00 316.00 316.00 316.00 316.00 316.00 316.00 316.00 316.00 316.00 316.00 316.00 316.00
 320.00 320.00 320.00 320.00 320.00 320.00 320.00 320.00 320.00 320.00 316.00 316.00 314.49 312.00 311.77 310.24 308.24 308.25 309.95 311.17 313.74 314.89 316.00 316.00 316.00 316.00 316.00 316.00 316.00 316.00 316.00 316.00 316.00 316.00 316.00
 320.00 320.00 320.00 320.00 320.00 320.00 320.00 320.00 320.00 317.04 316.00 316.00 313.23 311.76 310.25 308.00 307.77 307.02 307.32 309.69 310.99 311.06 316.00 316.00 316.00 316.00 316.00 316.00 316.00 316.00 315.20 313.52 312.37 314.06 314.94
 320.00 320.00 320.00 320.00 320.00 320.00 320.00 320.00 320.00 316.00 316.00 316.00 312.44 311.19 308.71 306.69 304.00 303.91 303.72 306.40 310.11 310.82 314.47 316.00 316.00 316.00 316.00 316.00 316.00 313.03 312.00 312.00 312.00 312.00 312.00
 320.00 320.00 320.00 320.00 320.00 320.00 320.00 320.00 320.00 316.00 316.00 315.29 311.65 310.29 307.34 304.26 302.65 300.47 300.25 303.64 307.85 311.21 312.85 315.05 316.00 316.00 316.00 316.00 312.00 312.00 312.00 312.00 312.00 312.00 312.00
 320.00 320.00 320.00 320.00 320.00 320.00 320.00 320.00 320.00 316.00 316.00 314.62 311.82 309.57 306.97 303.86 300.18 300.00 300.00 301.29 306.46 309.88 311.41 312.98 314.95 315.30 313.44 312.00 312.00 312.00 312.00 312.00 312.00 312.00 312.00
 320.00 320.00 320.00 320.00 320.00 320.00 320.00 320.00 320.00 316.00 316.00 314.17 311.67 309.16 306.83 302.43 300.15 300.00 300.00 300.82 305.88 308.56 311.62 312.00 312.00 312.00 312.00 312.00 312.00 312.00 308.28 308.53 309.32 311.38 311.63
 320.00 320.00 320.00 320.00 320.00 320.00 320.00 320.00 319.32 316.00 316.00 312.77 312.00 308.00 305.11 303.38 300.00 300.00 300.00 300.00 305.35 308.00 312.00 312.00 312.00 312.00 312.00 312.00 312.00 308.00 308.00 308.00 308.00 308.17 308.88
 318.79 320.00 320.00 320.00 320.00 320.00 320.00 320.00 316.00 316.00 315.41 312.00 310.82 307.57 304.12 302.61 300.00 300.00 300.00 300.00 304.00 308.00 312.00 312.00 312.00 314.50 312.00 312.00 312.00 308.00 308.00 308.00 305.93 307.39 307.53
 317.31 318.43 320.00 320.00 320.00 320.00 320.00 316.00 316.00 315.40 313.27 310.90 307.95 305.70 302.03 300.15 300.00 300.00 300.00 300.00 304.00 307.58 311.77 312.00 316.00 316.00 315.36 312.00 312.00 308.90 308.00 305.02 304.00 304.00 305.19
 316.00 316.54 318.49 320.00 320.00 318.92 316.00 316.00 315.40 312.65 311.25 309.00 305.98 302.21 300.26 299.09 297.68 296.37 300.00 300.13 304.21 307.54 310.81 312.96 316.00 316.00 316.00 313.90 312.00 310.79 308.58 305.63 304.00 304.00 304.00
 316.00 316.00 316.00 316.00 316.00 316.00 316.00 314.24 312.33 310.13 308.35 306.54 303.17 300.04 297.36 296.00 296.00 296.00 299.28 300.00 302.61 307.15 310.70 313.27 316.00 316.00 316.00 316.00 313.45 311.82 310.04 307.06 304.59 304.00 304.00
 316.00 316.00 316.00 316.00 316.00 315.66 313.83 311.86 310.25 307.37 306.28 302.78 300.30 296.62 295.37 293.81 294.81 295.87 296.94 300.00 302.17 307.00 309.29 312.51 315.10 316.00 316.00 316.00 316.00 312.00 311.52 308.01 306.35 304.26 305.70
 316.00 316.00 316.00 316.00 316.00 313.69 311.69 309.89 307.32 305.36 302.51 299.36 297.21 294.12 292.00 291.73 292.00 292.26 295.79 298.74 301.44 305.88 308.41 311.08 313.12 315.44 316.00 316.00 316.00 312.00 312.00 308.72 308.00 307.81 307.35
 316.00 316.00 316.00 316.00 313.25 311.85 310.32 307.55 305.83 302.51 299.49 296.44 293.39 290.79 288.00 288.00 290.46 292.00 294.07 296.24 300.15 302.76 306.50 308.50 311.01 314.15 316.00 316.00 315.39 312.00 310.20 308.00 308.00 308.00 308.00
 316.00 316.00 314.92 312.26 312.00 310.62 308.58 306.56 303.68 300.67 297.22 293.33 290.19 288.00 288.00 288.00 289.88 292.00 292.00 296.00 300.00 300.32 304.62 306.44 308.56 310.37 316.00 316.00 313.47 312.00 308.30 308.00 308.00 308.00 308.00
 316.00 316.00 313.47 312.00 311.45 308.86 307.40 305.40 301.84 298.70 295.60 291.63 288.00 288.00 288.00 290.24 292.00 292.23 295.34 296.00 300.00 300.00 304.00 304.24 308.00 310.82 312.63 314.47 312.00 311.82 308.23 308.00 304.33 306.56 306.46
 316.00 316.00 312.26 311.68 309.38 307.89 305.82 302.39 299.80 296.43 293.83 291.49 288.00 288.00 289.14 292.00 293.59 296.00 296.00 299.31 300.00 300.00 304.00 304.00 306.74 309.57 311.79 312.00 312.00 311.53 308.15 305.07 304.00 304.00 303.84
 316.00 314.66 312.00 309.94 307.74 306.02 303.09 300.60 298.23 295.19 291.78 288.70 288.00 288.00 292.00 292.31 296.00 296.00 296.00 300.00 300.00 300.00 300.32 303.58 306.30 308.00 310.81 312.00 312.00 310.37 307.63 304.00 301.04 300.00 300.49
 315.11 312.55 311.03 308.00 304.00 304.00 300.00 300.00 296.00 292.00 288.32 287.40 287.54 288.00 291.38 292.00 296.00 296.00 296.00 296.26 296.88 298.28 299.41 299.70 301.42 304.65 305.74 307.31 308.00 308.00 306.62 302.74 300.00 300.00 300.00
 313.72 310.65 308.25 308.00 304.00 304.00 300.00 298.23 294.66 290.54 286.62 284.00 284.00 288.00 290.41 292.42 295.76 296.00 296.00 296.00 296.00 296.00 296.00 298.02 300.00 300.36 303.76 305.23 308.00 308.00 305.27 301.31 300.00 300.00 300.00
